56 0.10576923076923077 0.3090909090909091 0.11538461538461539 0.38181818181818183
60 0.10576923076923077 0.6909090909090909 0.11538461538461539 0.38181818181818183
9 0.2173076923076923 0.4954545454545455 0.1076923076923077 0.7545454545454545
0 0.325 0.4954545454545455 0.1076923076923077 0.7545454545454545
16 0.43653846153846154 0.4954545454545455 0.11538461538461539 0.7545454545454545
5 0.5788461538461539 0.4954545454545455 0.1076923076923077 0.7545454545454545
0 0.6865384615384615 0.4954545454545455 0.1076923076923077 0.7545454545454545
7 0.7942307692307692 0.4954545454545455 0.1076923076923077 0.7545454545454545
0 0.9019230769230769 0.4954545454545455 0.1076923076923077 0.7545454545454545
56 0.10576923076923077 0.3090909090909091 0.11538461538461539 0.38181818181818183
60 0.10576923076923077 0.6909090909090909 0.11538461538461539 0.38181818181818183
2 0.2173076923076923 0.4954545454545455 0.1076923076923077 0.7545454545454545
4 0.325 0.4954545454545455 0.1076923076923077 0.7545454545454545
16 0.43653846153846154 0.4954545454545455 0.11538461538461539 0.7545454545454545
0 0.5788461538461539 0.4954545454545455 0.1076923076923077 0.7545454545454545
6 0.6865384615384615 0.4954545454545455 0.1076923076923077 0.7545454545454545
7 0.7942307692307692 0.4954545454545455 0.1076923076923077 0.7545454545454545
8 0.9019230769230769 0.4954545454545455 0.1076923076923077 0.7545454545454545
56 0.10576923076923077 0.3090909090909091 0.11538461538461539 0.38181818181818183
60 0.10576923076923077 0.6909090909090909 0.11538461538461539 0.38181818181818183
2 0.2173076923076923 0.4954545454545455 0.1076923076923077 0.7545454545454545
1 0.325 0.4954545454545455 0.1076923076923077 0.7545454545454545
16 0.43653846153846154 0.4954545454545455 0.11538461538461539 0.7545454545454545
7 0.5788461538461539 0.4954545454545455 0.1076923076923077 0.7545454545454545
8 0.6865384615384615 0.4954545454545455 0.1076923076923077 0.7545454545454545
7 0.7942307692307692 0.4954545454545455 0.1076923076923077 0.7545454545454545
5 0.9019230769230769 0.4954545454545455 0.1076923076923077 0.7545454545454545
56 0.10576923076923077 0.3090909090909091 0.11538461538461539 0.38181818181818183
60 0.10576923076923077 0.6909090909090909 0.11538461538461539 0.38181818181818183
9 0.2173076923076923 0.4954545454545455 0.1076923076923077 0.7545454545454545
5 0.325 0.4954545454545455 0.1076923076923077 0.7545454545454545
16 0.43653846153846154 0.4954545454545455 0.11538461538461539 0.7545454545454545
5 0.5788461538461539 0.4954545454545455 0.1076923076923077 0.7545454545454545
5 0.6865384615384615 0.4954545454545455 0.1076923076923077 0.7545454545454545
4 0.7942307692307692 0.4954545454545455 0.1076923076923077 0.7545454545454545
4 0.9019230769230769 0.4954545454545455 0.1076923076923077 0.7545454545454545
