56 0.29253731343283584 0.2235294117647059 0.13134328358208955 0.35294117647058826
60 0.42388059701492536 0.2235294117647059 0.13134328358208955 0.35294117647058826
2 0.5791044776119403 0.2235294117647059 0.13134328358208955 0.35294117647058826
1 0.7104477611940299 0.2235294117647059 0.13134328358208955 0.35294117647058826
16 0.11940298507462686 0.6058823529411764 0.191044776119403 0.36470588235294116
6 0.31044776119402984 0.6882352941176471 0.191044776119403 0.5294117647058824
3 0.5014925373134328 0.6882352941176471 0.191044776119403 0.5294117647058824
3 0.6925373134328359 0.6882352941176471 0.191044776119403 0.5294117647058824
1 0.8835820895522388 0.6882352941176471 0.191044776119403 0.5294117647058824
56 0.29253731343283584 0.2235294117647059 0.13134328358208955 0.35294117647058826
60 0.42388059701492536 0.2235294117647059 0.13134328358208955 0.35294117647058826
9 0.5791044776119403 0.2235294117647059 0.13134328358208955 0.35294117647058826
9 0.7104477611940299 0.2235294117647059 0.13134328358208955 0.35294117647058826
16 0.11940298507462686 0.6058823529411764 0.191044776119403 0.36470588235294116
1 0.31044776119402984 0.6882352941176471 0.191044776119403 0.5294117647058824
2 0.5014925373134328 0.6882352941176471 0.191044776119403 0.5294117647058824
1 0.6925373134328359 0.6882352941176471 0.191044776119403 0.5294117647058824
9 0.8835820895522388 0.6882352941176471 0.191044776119403 0.5294117647058824
56 0.29253731343283584 0.2235294117647059 0.13134328358208955 0.35294117647058826
60 0.42388059701492536 0.2235294117647059 0.13134328358208955 0.35294117647058826
2 0.5791044776119403 0.2235294117647059 0.13134328358208955 0.35294117647058826
8 0.7104477611940299 0.2235294117647059 0.13134328358208955 0.35294117647058826
16 0.11940298507462686 0.6058823529411764 0.191044776119403 0.36470588235294116
3 0.31044776119402984 0.6882352941176471 0.191044776119403 0.5294117647058824
9 0.5014925373134328 0.6882352941176471 0.191044776119403 0.5294117647058824
7 0.6925373134328359 0.6882352941176471 0.191044776119403 0.5294117647058824
8 0.8835820895522388 0.6882352941176471 0.191044776119403 0.5294117647058824
56 0.29253731343283584 0.2235294117647059 0.13134328358208955 0.35294117647058826
60 0.42388059701492536 0.2235294117647059 0.13134328358208955 0.35294117647058826
2 0.5791044776119403 0.2235294117647059 0.13134328358208955 0.35294117647058826
5 0.7104477611940299 0.2235294117647059 0.13134328358208955 0.35294117647058826
16 0.11940298507462686 0.6058823529411764 0.191044776119403 0.36470588235294116
8 0.31044776119402984 0.6882352941176471 0.191044776119403 0.5294117647058824
9 0.5014925373134328 0.6882352941176471 0.191044776119403 0.5294117647058824
4 0.6925373134328359 0.6882352941176471 0.191044776119403 0.5294117647058824
9 0.8835820895522388 0.6882352941176471 0.191044776119403 0.5294117647058824
56 0.29253731343283584 0.2235294117647059 0.13134328358208955 0.35294117647058826
60 0.42388059701492536 0.2235294117647059 0.13134328358208955 0.35294117647058826
2 0.5791044776119403 0.2235294117647059 0.13134328358208955 0.35294117647058826
6 0.7104477611940299 0.2235294117647059 0.13134328358208955 0.35294117647058826
16 0.11940298507462686 0.6058823529411764 0.191044776119403 0.36470588235294116
4 0.31044776119402984 0.6882352941176471 0.191044776119403 0.5294117647058824
9 0.5014925373134328 0.6882352941176471 0.191044776119403 0.5294117647058824
0 0.6925373134328359 0.6882352941176471 0.191044776119403 0.5294117647058824
8 0.8835820895522388 0.6882352941176471 0.191044776119403 0.5294117647058824
